i   j   k   val
0   0   0   4.596452649201865
0   0   1   2.2305484436483054
0   0   2   3.566058237297799
0   0   3   2.8807298196077147
0   1   0   2.8534891953480024
0   1   1   2.2010966235428793
0   1   2   3.771832780463708
0   1   3   2.1718086406798705
0   2   0   4.326674826680938
0   2   1   4.059867764765868
0   2   2   5.14408872638136
0   2   3   1.5653548750769135
1   0   0   5.287436544659651
1   0   1   3.4286485773457347
1   0   2   1.7226422613084076
1   0   3   2.1876019419834445
1   1   0   3.2988812611788845
1   1   1   2.165205990549049
1   1   2   3.5723467058482976
1   1   3   3.3443641880872437
1   2   0   5.065832528136762
1   2   1   3.340929747101785
1   2   2   1.937515217244741
1   2   3   4.044702757278015

0 0 0 4.59645
0 0 1 2.23055
0 0 2 3.56606
0 0 3 2.88073
0 1 0 2.85349
0 1 1 2.2011
0 1 2 3.77183
0 1 3 2.17181
0 2 0 4.32667
0 2 1 4.05987
0 2 2 5.14409
0 2 3 1.56535
1 0 0 5.28744
1 0 1 3.42865
1 0 2 1.72264
1 0 3 2.1876
1 1 0 3.29888
1 1 1 2.16521
1 1 2 3.57235
1 1 3 3.34436
1 2 0 5.06583
1 2 1 3.34093
1 2 2 1.93752
1 2 3 4.0447
